發佈時間,標題,描述,來源,連結
2023-09-05 07:00:00,"A Perfect Pair: adidas and Covision Media Use AI, NVIDIA RTX to Create Photorealistic 3D Content - NVIDIA Blog","<a href=""https://news.google.com/rss/articles/CBMiY0FVX3lxTE9kM2I1d0N1c2ZudVc3aGZ3NlhXNEhWcng2R1ZWM3ZqU1FOcE1OX1c2c0NuRGdESXBVLTRqNHlvSUUtNDJKLU5seGd5eTZtOC1CNnNRcnhWQmhPNTRnV2c2eGw4VQ?oc=5"" target=""_blank"">A Perfect Pair: adidas and Covision Media Use AI, NVIDIA RTX to Create Photorealistic 3D Content</a>&nbsp;&nbsp;<font color=""#6f6f6f"">NVIDIA Blog</font>",NVIDIA Blog,https://news.google.com/rss/articles/CBMiY0FVX3lxTE9kM2I1d0N1c2ZudVc3aGZ3NlhXNEhWcng2R1ZWM3ZqU1FOcE1OX1c2c0NuRGdESXBVLTRqNHlvSUUtNDJKLU5seGd5eTZtOC1CNnNRcnhWQmhPNTRnV2c2eGw4VQ?oc=5
2023-09-05 07:00:00,"The AI market will be worth $600 billion, Nvidia exec says - Yahoo Finance","<a href=""https://news.google.com/rss/articles/CBMipAFBVV95cUxPTW5hMmd4c284TVhLbElEaXR1cWdlQjlacnJSVTFMWTBZMWZsR3FLRDM0Vk1UZkdrUkZmUmZud3pGVlVOeGVFWjUzMUljdENDbGcxY0ppOFJtZEszS1lkclJPVDROX1l6ZDNNOVI3OEx3RTFxS1NGS2tvbEFBWTB5ZDdkWFZSQVVHaEk4X1RhN1l6dElWRmVYSEVJQXcwR0FodWdoWA?oc=5"" target=""_blank"">The AI market will be worth $600 billion, Nvidia exec says</a>&nbsp;&nbsp;<font color=""#6f6f6f"">Yahoo Finance</font>",Yahoo Finance,https://news.google.com/rss/articles/CBMipAFBVV95cUxPTW5hMmd4c284TVhLbElEaXR1cWdlQjlacnJSVTFMWTBZMWZsR3FLRDM0Vk1UZkdrUkZmUmZud3pGVlVOeGVFWjUzMUljdENDbGcxY0ppOFJtZEszS1lkclJPVDROX1l6ZDNNOVI3OEx3RTFxS1NGS2tvbEFBWTB5ZDdkWFZSQVVHaEk4X1RhN1l6dElWRmVYSEVJQXcwR0FodWdoWA?oc=5
2023-09-05 07:00:00,"Apple, Google, Nvidia and other tech giants are considering buying Arm shares - CNBC","<a href=""https://news.google.com/rss/articles/CBMiogFBVV95cUxQUnJwcElQSkE2cWJZYWM0aVhrSHY1c1I5OXl0bnBBTExxeUswVXZIemhtZ19HcmptZlh0Yi1wU0R6M3VsR2w0T1c2dkdHdHN2b1hzMjBCQkdDSUIxeFMxbU9PQ09oaHpyLVNTLUROSDl6enA0YlpOZVRYS1V4N2t4SEs3WEtrTXNLYXVuY0NqRk5QUUEydzVtQTAwYVlJc2VnR2fSAacBQVVfeXFMT2tDMWxlazZnVEtBQnpSWUpmNWlqM1VSOXBwV1FDUHVINXNkaWVQOUhLTmQ1WVJoWU5LQkRSWjdFYzF0ZDFCUTdZUjZobmJfSDc5OV9ZQ3FzajhjNlJZZVJhaDdrY0duWDREckNkSUNPcVFrMWhtc2tULUJHWFlYdlJwa0xRcFk4QlBxQ2JxSWgwSzZ0dUJrc1FLaUdoUXpLSV81NFoxVzA?oc=5"" target=""_blank"">Apple, Google, Nvidia and other tech giants are considering buying Arm shares</a>&nbsp;&nbsp;<font color=""#6f6f6f"">CNBC</font>",CNBC,https://news.google.com/rss/articles/CBMiogFBVV95cUxQUnJwcElQSkE2cWJZYWM0aVhrSHY1c1I5OXl0bnBBTExxeUswVXZIemhtZ19HcmptZlh0Yi1wU0R6M3VsR2w0T1c2dkdHdHN2b1hzMjBCQkdDSUIxeFMxbU9PQ09oaHpyLVNTLUROSDl6enA0YlpOZVRYS1V4N2t4SEs3WEtrTXNLYXVuY0NqRk5QUUEydzVtQTAwYVlJc2VnR2fSAacBQVVfeXFMT2tDMWxlazZnVEtBQnpSWUpmNWlqM1VSOXBwV1FDUHVINXNkaWVQOUhLTmQ1WVJoWU5LQkRSWjdFYzF0ZDFCUTdZUjZobmJfSDc5OV9ZQ3FzajhjNlJZZVJhaDdrY0duWDREckNkSUNPcVFrMWhtc2tULUJHWFlYdlJwa0xRcFk4QlBxQ2JxSWgwSzZ0dUJrc1FLaUdoUXpLSV81NFoxVzA?oc=5
2023-09-04 07:00:00,This Is How Nvidia Aims to Bolster its Presence in Brazil and Latin America - Bloomberg Línea Latinoamérica,"<a href=""https://news.google.com/rss/articles/CBMiugFBVV95cUxQcWNlel9SekZpM0VkaklldXd0RlhFTjNVV3hBTm9qWEFqbmFFSXpnTHdfRmFLNVNvUE52UFZoaG1JaEs5RTRmbmRXczJqR2xDRkdXV0Nmalc1TjU0cG5TZHVvd2phWDRMZ3hFbTdSeEZKRllOaDVWaW9JTENGaXRSMFdyZUFicHlISFBWRnRNbThjUmZRaEstLWZJQktvenlnR0lySDE2alVRWU1PNE5zZkt5Tmc5c0Q3TFHSAc4BQVVfeXFMTWNKalRROGgtUHVNS0pkclp4RGhGNzNZOVE1b3VPM3c3OUk1RmNHTDByYTNKX1NDcGE2WW5PRWRQN3JuWHdjd1lrTEJvakdLRl84T3pNaEpzR3BiLTdUaWQ0eFVJYUdqcS1xLUswNTJQT0RnQ2Q0OWFlZV81UkhmVHp0YV9uNXA3b0hOVHFuZnR1Qk9wME9YSGxZSGh2V1lKQ2RXbEY3VzFzcWswRWdTbkdRdE9QRzNJUDFHSHBPRkYwbEt2emlnMGRyU3p4OVE?oc=5"" target=""_blank"">This Is How Nvidia Aims to Bolster its Presence in Brazil and Latin America</a>&nbsp;&nbsp;<font color=""#6f6f6f"">Bloomberg Línea Latinoamérica</font>",Bloomberg Línea Latinoamérica,https://news.google.com/rss/articles/CBMiugFBVV95cUxQcWNlel9SekZpM0VkaklldXd0RlhFTjNVV3hBTm9qWEFqbmFFSXpnTHdfRmFLNVNvUE52UFZoaG1JaEs5RTRmbmRXczJqR2xDRkdXV0Nmalc1TjU0cG5TZHVvd2phWDRMZ3hFbTdSeEZKRllOaDVWaW9JTENGaXRSMFdyZUFicHlISFBWRnRNbThjUmZRaEstLWZJQktvenlnR0lySDE2alVRWU1PNE5zZkt5Tmc5c0Q3TFHSAc4BQVVfeXFMTWNKalRROGgtUHVNS0pkclp4RGhGNzNZOVE1b3VPM3c3OUk1RmNHTDByYTNKX1NDcGE2WW5PRWRQN3JuWHdjd1lrTEJvakdLRl84T3pNaEpzR3BiLTdUaWQ0eFVJYUdqcS1xLUswNTJQT0RnQ2Q0OWFlZV81UkhmVHp0YV9uNXA3b0hOVHFuZnR1Qk9wME9YSGxZSGh2V1lKQ2RXbEY3VzFzcWswRWdTbkdRdE9QRzNJUDFHSHBPRkYwbEt2emlnMGRyU3p4OVE?oc=5
2023-09-04 07:00:00,NVIDIA's Monstrous Q2 Revenue Shows Generative AI Spending Ramp-up - Synthedia,"<a href=""https://news.google.com/rss/articles/CBMidkFVX3lxTE1ackhQSm5Dd2dka2hOX29pdndzOFljdkJTaGk5YVIwcWk2OTlpWFJxWkE5Q3VIdG52RU5Mc2tKYnRVd05KMmJCSEJid1g0T2FUUTFobWhDZVVhdF9qTTBXLVo2cnJ2ME5ua2M4cTNkekxXQVJTWWc?oc=5"" target=""_blank"">NVIDIA's Monstrous Q2 Revenue Shows Generative AI Spending Ramp-up</a>&nbsp;&nbsp;<font color=""#6f6f6f"">Synthedia</font>",Synthedia,https://news.google.com/rss/articles/CBMidkFVX3lxTE1ackhQSm5Dd2dka2hOX29pdndzOFljdkJTaGk5YVIwcWk2OTlpWFJxWkE5Q3VIdG52RU5Mc2tKYnRVd05KMmJCSEJid1g0T2FUUTFobWhDZVVhdF9qTTBXLVo2cnJ2ME5ua2M4cTNkekxXQVJTWWc?oc=5
2023-09-05 07:00:00,"Nvidia’s Rally Is Going to Show Traders What a Market Bubble Looks Like, Rob Arnott Says - Bloomberg","<a href=""https://news.google.com/rss/articles/CBMisgFBVV95cUxQRjZqRUd3X2wtOWVVTGtCeGVlSVFKMFNmVVo4aTFlekN6OVJLV3ZfbFNTRHdlSEd0X2dEakpTbzRWaFZfa2JMTVdDMnZqenRPYTJUbGZoN0F3eXRQSWxnTEduNFBVSDhzcGJhbk56OTl6SWFLVGVrTWZ5NkRsN3BGZzhlM2dxb0lvVDRTNjJ0S0JXVXNha2xpMm15TU1ucWF3cTZkeU9TcUV1MWhBbllnLWV3?oc=5"" target=""_blank"">Nvidia’s Rally Is Going to Show Traders What a Market Bubble Looks Like, Rob Arnott Says</a>&nbsp;&nbsp;<font color=""#6f6f6f"">Bloomberg</font>",Bloomberg,https://news.google.com/rss/articles/CBMisgFBVV95cUxQRjZqRUd3X2wtOWVVTGtCeGVlSVFKMFNmVVo4aTFlekN6OVJLV3ZfbFNTRHdlSEd0X2dEakpTbzRWaFZfa2JMTVdDMnZqenRPYTJUbGZoN0F3eXRQSWxnTEduNFBVSDhzcGJhbk56OTl6SWFLVGVrTWZ5NkRsN3BGZzhlM2dxb0lvVDRTNjJ0S0JXVXNha2xpMm15TU1ucWF3cTZkeU9TcUV1MWhBbllnLWV3?oc=5
2023-09-04 07:00:00,3 AI Stocks with More Room to Run than Nvidia - InvestorPlace,"<a href=""https://news.google.com/rss/articles/CBMihwFBVV95cUxNNkxfOGpzSVptcEp0cDNuWFFrcTRfc29qWnFBZGxCSGcxTUlENzFfLUZ4b2tyTWpNWlRabUZQSFhMaFRkMFFfbFpScklKYklsMmRyUjMyRTNlQ3FuTGIwaDVCYkFHWWJrd2VpZ0txVHdqVVNsRUhVeUZCV0lWZDM0M3BIUVhUenc?oc=5"" target=""_blank"">3 AI Stocks with More Room to Run than Nvidia</a>&nbsp;&nbsp;<font color=""#6f6f6f"">InvestorPlace</font>",InvestorPlace,https://news.google.com/rss/articles/CBMihwFBVV95cUxNNkxfOGpzSVptcEp0cDNuWFFrcTRfc29qWnFBZGxCSGcxTUlENzFfLUZ4b2tyTWpNWlRabUZQSFhMaFRkMFFfbFpScklKYklsMmRyUjMyRTNlQ3FuTGIwaDVCYkFHWWJrd2VpZ0txVHdqVVNsRUhVeUZCV0lWZDM0M3BIUVhUenc?oc=5
2023-09-04 07:00:00,NVIDIA Deepens Ties with India Amid Ambitious Tech Growth - Maginative,"<a href=""https://news.google.com/rss/articles/CBMimAFBVV95cUxPRVJOOWRYdFh3a1M1ZXBOVWFKSm9Mb1VDcHlfWUhnZ0RWUXg4bWx0VTV5QkVnYzMwS0NvbEl4NVg5b2Z3WU5oLTBPM0tqZnJvQ1ZMWk53Y1hOQVVDZFdDd21WWXFZd0NtdUVLamVyWGozU0VoM09nelE1WHo4YTllT1dwZmNPNmxzaTNJODFFMFVCek0tWGc3eg?oc=5"" target=""_blank"">NVIDIA Deepens Ties with India Amid Ambitious Tech Growth</a>&nbsp;&nbsp;<font color=""#6f6f6f"">Maginative</font>",Maginative,https://news.google.com/rss/articles/CBMimAFBVV95cUxPRVJOOWRYdFh3a1M1ZXBOVWFKSm9Mb1VDcHlfWUhnZ0RWUXg4bWx0VTV5QkVnYzMwS0NvbEl4NVg5b2Z3WU5oLTBPM0tqZnJvQ1ZMWk53Y1hOQVVDZFdDd21WWXFZd0NtdUVLamVyWGozU0VoM09nelE1WHo4YTllT1dwZmNPNmxzaTNJODFFMFVCek0tWGc3eg?oc=5
2023-09-04 07:00:00,Best Starfield graphics settings for Nvidia RTX 4090 - Sportskeeda,"<a href=""https://news.google.com/rss/articles/CBMikgFBVV95cUxPMHNoUmJadHlpeFVudWlYaUduRGRfWnlMcnNPUmFXb3lfSUJwOThsbkFQRGRvNlZFVVNGa2s2VEVRZnFUZE1vSzMtQldtMEZ6bXhqQk54eEx6ZllBbldQQTNSSDNCbWo1ZVFFRTg4NWRRZzFMWkRDUl8xcW9XSE5NMlkyNEVDYUtLMldvMUJXMWRSQQ?oc=5"" target=""_blank"">Best Starfield graphics settings for Nvidia RTX 4090</a>&nbsp;&nbsp;<font color=""#6f6f6f"">Sportskeeda</font>",Sportskeeda,https://news.google.com/rss/articles/CBMikgFBVV95cUxPMHNoUmJadHlpeFVudWlYaUduRGRfWnlMcnNPUmFXb3lfSUJwOThsbkFQRGRvNlZFVVNGa2s2VEVRZnFUZE1vSzMtQldtMEZ6bXhqQk54eEx6ZllBbldQQTNSSDNCbWo1ZVFFRTg4NWRRZzFMWkRDUl8xcW9XSE5NMlkyNEVDYUtLMldvMUJXMWRSQQ?oc=5
2023-09-05 07:00:00,Nvidia CEO Meets Indian PM to Discuss AI Plans - AI Business,"<a href=""https://news.google.com/rss/articles/CBMihgFBVV95cUxOb3VKR2kxY2hFYkRidDZ0OTVUSUdJeE84Z2c1UWxQd3hha3otSlVTRnpZdjZlS3NBVTdrMHNzT1ZMZE9fYV80TVVNRzZGWGEtZkttOTFIUzVSemdJTXZuZjh1ODVuS2c0RTJoLTU2X0FtTl9ZdXNxdl96NW1lTFRjSHJCUEZkdw?oc=5"" target=""_blank"">Nvidia CEO Meets Indian PM to Discuss AI Plans</a>&nbsp;&nbsp;<font color=""#6f6f6f"">AI Business</font>",AI Business,https://news.google.com/rss/articles/CBMihgFBVV95cUxOb3VKR2kxY2hFYkRidDZ0OTVUSUdJeE84Z2c1UWxQd3hha3otSlVTRnpZdjZlS3NBVTdrMHNzT1ZMZE9fYV80TVVNRzZGWGEtZkttOTFIUzVSemdJTXZuZjh1ODVuS2c0RTJoLTU2X0FtTl9ZdXNxdl96NW1lTFRjSHJCUEZkdw?oc=5
2023-09-04 07:00:00,[News] Wistron Secures Both NVIDIA and AMD AI Server Orders - TrendForce,"<a href=""https://news.google.com/rss/articles/CBMiowFBVV95cUxOWG5nRE9tbXlkSjIzT1NEUC1sUkVTTHZvYnAyWDlqRFFlaGl5MWRZOWtDNnVLUEJiaFhfOXVaLW81cXM4bjJUSUtDWm1EdlNnLUlYT0QzRVNlWDJQaVRTVTR4MjZHZHZqamwzMGx6SnA2Vkh1ak02eHNCM0daRkhNcDhXRS1ZZUVkZDRaTU5KLXRGR2IwSHJUenMyMVZwTnlEMHpZ?oc=5"" target=""_blank"">[News] Wistron Secures Both NVIDIA and AMD AI Server Orders</a>&nbsp;&nbsp;<font color=""#6f6f6f"">TrendForce</font>",TrendForce,https://news.google.com/rss/articles/CBMiowFBVV95cUxOWG5nRE9tbXlkSjIzT1NEUC1sUkVTTHZvYnAyWDlqRFFlaGl5MWRZOWtDNnVLUEJiaFhfOXVaLW81cXM4bjJUSUtDWm1EdlNnLUlYT0QzRVNlWDJQaVRTVTR4MjZHZHZqamwzMGx6SnA2Vkh1ak02eHNCM0daRkhNcDhXRS1ZZUVkZDRaTU5KLXRGR2IwSHJUenMyMVZwTnlEMHpZ?oc=5
2023-09-05 07:00:00,Starfield’s missing Nvidia DLSS support has been added by a free mod - Ars Technica,"<a href=""https://news.google.com/rss/articles/CBMiqwFBVV95cUxNRTQ2bHlldGJLblI0azhxS2UwSE1tbTh4YV9pRV80QTAwc0Z6ZG9nUzZrdFlqdlloT0RBWDV3dzlRMVF4VnI2U1dzRmN6V1pKLXRQbm9IQy1nOGtmNC0yWFZPTGxkQnRvX1dxYW9aUUljYmdzalZKMWxrNW5qUkR2WWRWR09Zb3doZVN2UGZQbGdiSWt5bk5SQmpBQWdjbWozcmhhMWVQTjM5NEk?oc=5"" target=""_blank"">Starfield’s missing Nvidia DLSS support has been added by a free mod</a>&nbsp;&nbsp;<font color=""#6f6f6f"">Ars Technica</font>",Ars Technica,https://news.google.com/rss/articles/CBMiqwFBVV95cUxNRTQ2bHlldGJLblI0azhxS2UwSE1tbTh4YV9pRV80QTAwc0Z6ZG9nUzZrdFlqdlloT0RBWDV3dzlRMVF4VnI2U1dzRmN6V1pKLXRQbm9IQy1nOGtmNC0yWFZPTGxkQnRvX1dxYW9aUUljYmdzalZKMWxrNW5qUkR2WWRWR09Zb3doZVN2UGZQbGdiSWt5bk5SQmpBQWdjbWozcmhhMWVQTjM5NEk?oc=5
2023-09-05 07:00:00,NVIDIA To Manufacture GPUs in India? CEO Jensen Huang discusses AI with PM Modi - Firstpost,"<a href=""https://news.google.com/rss/articles/CBMi0wFBVV95cUxQVjVXaHdad1ZKcU1Bc1FEaUtJVmZfVlZ3UWVXbmZndzRid1BGYnJMY3lWdnAxa3lsSzZVZGRnY2x4Zml0TEpNVk0ya29zQ3d6YmtTZzVtMENOUmppN0pLSzlyRWpOOWVQZmdJUmlXaFQwUWZkc19NMU9YWjVUQ2N2dUZENTZUOWtaR0xoYllhR0xEV2pXWkNtcnRQa1JlMFNJZGhHNENydnhiUm5vd19qcUFTQTZpZ0hpRUhEWWJOVlhmRFJiUkwwS21VOXE4RExuZDdn0gHYAUFVX3lxTFB5LUFvWm5uN1JkQVptcVhHV216eWYwSjVYX0o3UEcwVUJzcEdzTlNHSWtLLVhSd1NCeFowM2ZRYmZnam5hY0xybnlCVDB2WEhwWEVFdURlczJxVWZSVzh1VXQzZGxWcWNseHlzc3NTblpPeThhZjZrcWdSZE9fYUlWN3NDb3FzandCNWozamxzX1hvT01ZR29OdVFhTC1ESlMzSnJJZFVrWGZfZTZITE9zUk5WWW5iZWtsSmJIY0RNU2FIc3U2cS16ZTdobG92MmFuRk44dllULQ?oc=5"" target=""_blank"">NVIDIA To Manufacture GPUs in India? CEO Jensen Huang discusses AI with PM Modi</a>&nbsp;&nbsp;<font color=""#6f6f6f"">Firstpost</font>",Firstpost,https://news.google.com/rss/articles/CBMi0wFBVV95cUxQVjVXaHdad1ZKcU1Bc1FEaUtJVmZfVlZ3UWVXbmZndzRid1BGYnJMY3lWdnAxa3lsSzZVZGRnY2x4Zml0TEpNVk0ya29zQ3d6YmtTZzVtMENOUmppN0pLSzlyRWpOOWVQZmdJUmlXaFQwUWZkc19NMU9YWjVUQ2N2dUZENTZUOWtaR0xoYllhR0xEV2pXWkNtcnRQa1JlMFNJZGhHNENydnhiUm5vd19qcUFTQTZpZ0hpRUhEWWJOVlhmRFJiUkwwS21VOXE4RExuZDdn0gHYAUFVX3lxTFB5LUFvWm5uN1JkQVptcVhHV216eWYwSjVYX0o3UEcwVUJzcEdzTlNHSWtLLVhSd1NCeFowM2ZRYmZnam5hY0xybnlCVDB2WEhwWEVFdURlczJxVWZSVzh1VXQzZGxWcWNseHlzc3NTblpPeThhZjZrcWdSZE9fYUlWN3NDb3FzandCNWozamxzX1hvT01ZR29OdVFhTC1ESlMzSnJJZFVrWGZfZTZITE9zUk5WWW5iZWtsSmJIY0RNU2FIc3U2cS16ZTdobG92MmFuRk44dllULQ?oc=5
2023-09-05 07:00:00,"Arm’s IPO could value the chip company at $52 billion. Apple, Google and Nvidia show interest - CNN International","<a href=""https://news.google.com/rss/articles/CBMikAFBVV95cUxOR011Y3V2S0lqeFlMcnl2MzJmNnlrQnUwWEtQZGp5OXgxVEx5UDdydVRaZktOSTFUdnlkVmh1akRaQzlCeUpnSjlaSTdjZ0FqenF5ZzJTZGVXS3JfWGhYYV9JUVBrbGtuSWxzTUVoS285X3VEbmM3c09BTk82a0RjVG41emVGbXNEQ2RVaFlFdkbSAYIBQVVfeXFMT2JNZmNqd2hqY3o1T2pjclVQeGhfYXBCTDN4YndLc2s3bEFZTDNuMnhYY3VfTm5QUXJxM1ZoZUdvY2xvQ0J4Nll5UmZoSUozVGpZZm91WlJwbTNmdkxCMEdFYXNFZnkwUENxbXFZVVh5dmhEWm5hVkFUZ0NfNlE2NDhFQQ?oc=5"" target=""_blank"">Arm’s IPO could value the chip company at $52 billion. Apple, Google and Nvidia show interest</a>&nbsp;&nbsp;<font color=""#6f6f6f"">CNN International</font>",CNN International,https://news.google.com/rss/articles/CBMikAFBVV95cUxOR011Y3V2S0lqeFlMcnl2MzJmNnlrQnUwWEtQZGp5OXgxVEx5UDdydVRaZktOSTFUdnlkVmh1akRaQzlCeUpnSjlaSTdjZ0FqenF5ZzJTZGVXS3JfWGhYYV9JUVBrbGtuSWxzTUVoS285X3VEbmM3c09BTk82a0RjVG41emVGbXNEQ2RVaFlFdkbSAYIBQVVfeXFMT2JNZmNqd2hqY3o1T2pjclVQeGhfYXBCTDN4YndLc2s3bEFZTDNuMnhYY3VfTm5QUXJxM1ZoZUdvY2xvQ0J4Nll5UmZoSUozVGpZZm91WlJwbTNmdkxCMEdFYXNFZnkwUENxbXFZVVh5dmhEWm5hVkFUZ0NfNlE2NDhFQQ?oc=5
2023-09-04 07:00:00,Who has grasped the lifeline of NVIDIA? - LongPort,"<a href=""https://news.google.com/rss/articles/CBMiUkFVX3lxTE9icHk2RVlBbkJqVU5ERllwRXFkczd2Tm9aWUNwNFppa1ZhT1ppdERjVDlzQlVKMzZlQ1VIbWRWdjR4cGt4VWJoTV9JRFJiYzZOR0E?oc=5"" target=""_blank"">Who has grasped the lifeline of NVIDIA?</a>&nbsp;&nbsp;<font color=""#6f6f6f"">LongPort</font>",LongPort,https://news.google.com/rss/articles/CBMiUkFVX3lxTE9icHk2RVlBbkJqVU5ERllwRXFkczd2Tm9aWUNwNFppa1ZhT1ppdERjVDlzQlVKMzZlQ1VIbWRWdjR4cGt4VWJoTV9JRFJiYzZOR0E?oc=5
2023-09-04 07:00:00,NVIDIA CEO Meets With India Prime Minister Narendra Modi - NVIDIA Blog,"<a href=""https://news.google.com/rss/articles/CBMiW0FVX3lxTE1MYXVWNXhQY2FsazZpcFVOc1dUVTQ5ZFUxazBka1hKSl9vcWFQOE0xaWVZNy1VT2Jycl9NV2xoSDlLVmltVF9Zc25DcDl6d3kwcjBJTWFIN3k0Tjg?oc=5"" target=""_blank"">NVIDIA CEO Meets With India Prime Minister Narendra Modi</a>&nbsp;&nbsp;<font color=""#6f6f6f"">NVIDIA Blog</font>",NVIDIA Blog,https://news.google.com/rss/articles/CBMiW0FVX3lxTE1MYXVWNXhQY2FsazZpcFVOc1dUVTQ5ZFUxazBka1hKSl9vcWFQOE0xaWVZNy1VT2Jycl9NV2xoSDlLVmltVF9Zc25DcDl6d3kwcjBJTWFIN3k0Tjg?oc=5
2023-09-04 07:00:00,AMD FSR (FidelityFX Super Resolution): everything you need to know - Digital Trends,"<a href=""https://news.google.com/rss/articles/CBMihwFBVV95cUxQZ3FIMWx0ZzRSSGJDbmNOVEdPMmNHTWpjY092SUNiekdCYXcwNUgxMGJ5YzZCeFVVWGZIX2ZOTUpCX1F2dGN2cm5rMDlzSUNWR3Rhejk0UFljaUJpbHVkeGYyZXFjaElzZkd3Vm1td0NvaXRiTjNhanF4RXVDa1FqVHZXcjdubXc?oc=5"" target=""_blank"">AMD FSR (FidelityFX Super Resolution): everything you need to know</a>&nbsp;&nbsp;<font color=""#6f6f6f"">Digital Trends</font>",Digital Trends,https://news.google.com/rss/articles/CBMihwFBVV95cUxQZ3FIMWx0ZzRSSGJDbmNOVEdPMmNHTWpjY092SUNiekdCYXcwNUgxMGJ5YzZCeFVVWGZIX2ZOTUpCX1F2dGN2cm5rMDlzSUNWR3Rhejk0UFljaUJpbHVkeGYyZXFjaElzZkd3Vm1td0NvaXRiTjNhanF4RXVDa1FqVHZXcjdubXc?oc=5
2023-09-04 07:00:00,Nvidia chokepoint can push US AI rules: DeepMind cofounder - Fortune,"<a href=""https://news.google.com/rss/articles/CBMiswFBVV95cUxOSVdRUFM1VzJUblZLX2l0NHVVOGtZMl9nUjlyMUZmWUFZSnFxcXNTd2o1V0M0RlZCMDFRYmlsTFhSbzV3cHpnNDlnVHZ2XzlUdlJGQkhiMkZvaUc4NFdkVkVJaTR2VlZLRFdQM1ItSXFocFJIQnBUdWdfZUJPckFVaGJud1FvdGRuY2V2UFpQQWNBZlNXSll6N1pTbTdUeng5NnZxQkRqTEZNVTlLdy1WVmRHRQ?oc=5"" target=""_blank"">Nvidia chokepoint can push US AI rules: DeepMind cofounder</a>&nbsp;&nbsp;<font color=""#6f6f6f"">Fortune</font>",Fortune,https://news.google.com/rss/articles/CBMiswFBVV95cUxOSVdRUFM1VzJUblZLX2l0NHVVOGtZMl9nUjlyMUZmWUFZSnFxcXNTd2o1V0M0RlZCMDFRYmlsTFhSbzV3cHpnNDlnVHZ2XzlUdlJGQkhiMkZvaUc4NFdkVkVJaTR2VlZLRFdQM1ItSXFocFJIQnBUdWdfZUJPckFVaGJud1FvdGRuY2V2UFpQQWNBZlNXSll6N1pTbTdUeng5NnZxQkRqTEZNVTlLdy1WVmRHRQ?oc=5
2023-09-05 07:00:00,The Halo Effect: AI Deep Dives Into Coral Reef Conservation - NVIDIA Blog,"<a href=""https://news.google.com/rss/articles/CBMibkFVX3lxTE1XRl9XV1hjOHZIQXlNc2RIelVLOGlWcVdHcTc5UFVTN0FTTUQ0dFR1OVoteE5PSkJSRHl2SkdyWG4yZHlIZWl6TFZMLXVINVVJa1hGUWVZSENKaGNNVDRlWUY2bFloZlNaVzk0XzhB?oc=5"" target=""_blank"">The Halo Effect: AI Deep Dives Into Coral Reef Conservation</a>&nbsp;&nbsp;<font color=""#6f6f6f"">NVIDIA Blog</font>",NVIDIA Blog,https://news.google.com/rss/articles/CBMibkFVX3lxTE1XRl9XV1hjOHZIQXlNc2RIelVLOGlWcVdHcTc5UFVTN0FTTUQ0dFR1OVoteE5PSkJSRHl2SkdyWG4yZHlIZWl6TFZMLXVINVVJa1hGUWVZSENKaGNNVDRlWUY2bFloZlNaVzk0XzhB?oc=5
2023-09-05 07:00:00,"Give their right Arm: Intel, Apple, Google all want a piece of chip giant - CTech","<a href=""https://news.google.com/rss/articles/CBMiZ0FVX3lxTE5VQXVSbjRlZ25fODJaMjBYUG1TQXAxanVwS2c0R1l6Ti0tZmpLcEVhaE92YWh0RWVVNFU2TnE0eDNodXRTY2VOb1lZNUdoSVBHdDdFLTR0aml0UVhJWU5WSU54TS1Gdzg?oc=5"" target=""_blank"">Give their right Arm: Intel, Apple, Google all want a piece of chip giant</a>&nbsp;&nbsp;<font color=""#6f6f6f"">CTech</font>",CTech,https://news.google.com/rss/articles/CBMiZ0FVX3lxTE5VQXVSbjRlZ25fODJaMjBYUG1TQXAxanVwS2c0R1l6Ti0tZmpLcEVhaE92YWh0RWVVNFU2TnE0eDNodXRTY2VOb1lZNUdoSVBHdDdFLTR0aml0UVhJWU5WSU54TS1Gdzg?oc=5
2023-09-05 07:00:00,Starfield GPU Benchmark - TechSpot,"<a href=""https://news.google.com/rss/articles/CBMibkFVX3lxTE10ZXBLTERlRmhWazFqU1FQOGpMVXR6a3cwdEY5NVN1TEVjdHZsRm1CU3J1RWVESW9fRDFMek5NNjhkQjRCa25mbjQxb0NmckZWOEpHdGVYUm96OWRCNFZ6NENidVZETGpIZ0pYMWdB?oc=5"" target=""_blank"">Starfield GPU Benchmark</a>&nbsp;&nbsp;<font color=""#6f6f6f"">TechSpot</font>",TechSpot,https://news.google.com/rss/articles/CBMibkFVX3lxTE10ZXBLTERlRmhWazFqU1FQOGpMVXR6a3cwdEY5NVN1TEVjdHZsRm1CU3J1RWVESW9fRDFMek5NNjhkQjRCa25mbjQxb0NmckZWOEpHdGVYUm96OWRCNFZ6NENidVZETGpIZ0pYMWdB?oc=5
2023-09-04 07:00:00,AMD Radeon RX 7800 XT leak reveals an Nvidia RTX 4070 killer - PCGamesN,"<a href=""https://news.google.com/rss/articles/CBMiY0FVX3lxTE91TGI2SFJGQkdiQ1c4QXFSYTJfWFcxNWdqbUZHazdhMTk1aV9WaTZBVHU1OUIwQXpmY28xeGQxb0hFZVpxOEpnZ1NRbEpmRVI2NUVlR1pXeUNEOGg4VVh4NGIzdw?oc=5"" target=""_blank"">AMD Radeon RX 7800 XT leak reveals an Nvidia RTX 4070 killer</a>&nbsp;&nbsp;<font color=""#6f6f6f"">PCGamesN</font>",PCGamesN,https://news.google.com/rss/articles/CBMiY0FVX3lxTE91TGI2SFJGQkdiQ1c4QXFSYTJfWFcxNWdqbUZHazdhMTk1aV9WaTZBVHU1OUIwQXpmY28xeGQxb0hFZVpxOEpnZ1NRbEpmRVI2NUVlR1pXeUNEOGg4VVh4NGIzdw?oc=5
2023-09-04 07:00:00,MaxSun Says Its Fine To Have Over 80C Temps On Its Five-Fan GeForce RTX 4090 MGG GPU - Wccftech,"<a href=""https://news.google.com/rss/articles/CBMiqgFBVV95cUxOMWV5QWk3RVZKX3ZJQ1hWRXVfck85Q1ZEYXV1cUl0NjZPTVRGeHpXODB4Z09sR3M1aldvbkFFbUNNRElyRFhZUFNOM3Y2czdOV1R5VnVQM2lxUFhlWUFDeUZyQ2tFMjBYckI1M2hlOEgwU2ZhQXRTRTdxc1RYdVd2MHg3MkRCc212TUJEeG9xYWZSSlpGbU1oLW8tMVlmR3kxaWkxNjVERVFud9IBrwFBVV95cUxPOGN5SXdzMHE2OXpXNzYtWVhvNTRtcm9vQWhkQUJmcVRYZkI1LTNQNU9KTzQ4bVgwMVFSTHM5YllDR0Njd1BUbi1IRm1TSGZONFhmV29uR1JURzlXam5aUlZWV2EyaHBOcVR5eS0zaEE1NlF1UzQxa0xPcHh5OEpRS25kZGhRVktQOHROWEUwX2tuYW5QTXNmM1Y4VFZIWXUwTjNpTGZsenYySXJYT0Uw?oc=5"" target=""_blank"">MaxSun Says Its Fine To Have Over 80C Temps On Its Five-Fan GeForce RTX 4090 MGG GPU</a>&nbsp;&nbsp;<font color=""#6f6f6f"">Wccftech</font>",Wccftech,https://news.google.com/rss/articles/CBMiqgFBVV95cUxOMWV5QWk3RVZKX3ZJQ1hWRXVfck85Q1ZEYXV1cUl0NjZPTVRGeHpXODB4Z09sR3M1aldvbkFFbUNNRElyRFhZUFNOM3Y2czdOV1R5VnVQM2lxUFhlWUFDeUZyQ2tFMjBYckI1M2hlOEgwU2ZhQXRTRTdxc1RYdVd2MHg3MkRCc212TUJEeG9xYWZSSlpGbU1oLW8tMVlmR3kxaWkxNjVERVFud9IBrwFBVV95cUxPOGN5SXdzMHE2OXpXNzYtWVhvNTRtcm9vQWhkQUJmcVRYZkI1LTNQNU9KTzQ4bVgwMVFSTHM5YllDR0Njd1BUbi1IRm1TSGZONFhmV29uR1JURzlXam5aUlZWV2EyaHBOcVR5eS0zaEE1NlF1UzQxa0xPcHh5OEpRS25kZGhRVktQOHROWEUwX2tuYW5QTXNmM1Y4VFZIWXUwTjNpTGZsenYySXJYT0Uw?oc=5
2023-09-04 07:00:00,"PM Modi Meets CEO Of Nvidia, Discusses 'Rich Potential' India Offers In World Of AI - NDTV","<a href=""https://news.google.com/rss/articles/CBMivAFBVV95cUxQZHBxWmV0VV9uRE04WlZJRmRfRk42cTdKY2gwN0V3TEpyenR5QzZxUjU0Vk9ZazJOVWItc3A3ZkNReDlsZGxfcGlsZWFTSWp6dG9FSlIyNks2Y1JMOEVkZFR5dmY5cjhPeWxaNzk0UlV4Mzh5TnEyQXQ1QlhEaEZXY1FXdk54aW1zTWJoNUc1RTB6MkpnVjNOaFU5d29KV2VZZE9zTHhBZE9LLVMtQVdreFYyV2RDSEJfUmZCRdIBxAFBVV95cUxPUUVyN2ZSdjZoQ090MHd4eERpaFBpb3NfNGVRc2ZteGZueUUwbHp2VFg4TkIxZGUtS1VXNUxtUG1CaUZQTldSX3ZxV3NXRFdSX1pyVS0yUjRqcjBsZU94bVc3NmUxOXFKZ0RzeDFZckNxN01DTGNKVnhCRmwzaW9RRlJuTDVuYngteUR1WmRVaHgtdHdZVmxic2E0Q0dreFlrUlBITXNQT3F5NC03QTY2dzJjVkoxV0hyRHJOQUpfZ2lRbXpk?oc=5"" target=""_blank"">PM Modi Meets CEO Of Nvidia, Discusses 'Rich Potential' India Offers In World Of AI</a>&nbsp;&nbsp;<font color=""#6f6f6f"">NDTV</font>",NDTV,https://news.google.com/rss/articles/CBMivAFBVV95cUxQZHBxWmV0VV9uRE04WlZJRmRfRk42cTdKY2gwN0V3TEpyenR5QzZxUjU0Vk9ZazJOVWItc3A3ZkNReDlsZGxfcGlsZWFTSWp6dG9FSlIyNks2Y1JMOEVkZFR5dmY5cjhPeWxaNzk0UlV4Mzh5TnEyQXQ1QlhEaEZXY1FXdk54aW1zTWJoNUc1RTB6MkpnVjNOaFU5d29KV2VZZE9zTHhBZE9LLVMtQVdreFYyV2RDSEJfUmZCRdIBxAFBVV95cUxPUUVyN2ZSdjZoQ090MHd4eERpaFBpb3NfNGVRc2ZteGZueUUwbHp2VFg4TkIxZGUtS1VXNUxtUG1CaUZQTldSX3ZxV3NXRFdSX1pyVS0yUjRqcjBsZU94bVc3NmUxOXFKZ0RzeDFZckNxN01DTGNKVnhCRmwzaW9RRlJuTDVuYngteUR1WmRVaHgtdHdZVmxic2E0Q0dreFlrUlBITXNQT3F5NC03QTY2dzJjVkoxV0hyRHJOQUpfZ2lRbXpk?oc=5
2023-09-05 07:00:00,The situation with melting RTX 4090 connectors just got more complicated - Digital Trends,"<a href=""https://news.google.com/rss/articles/CBMihwFBVV95cUxOTy1RMlhfa1JNMXZIeGxscGRBUlhTclN2aGgxNTF3WVFmWTR4bGpzWXRkQlhoRW41UmpYLUhVNVpOMmlmMVBCMElyTmJKXzFHZXF3dlRTS0dJaS1QazNYSmNFdXNvT0lERmNXTjlLUFpIWVhTU2hwbTFUU0g2QmhhRy1QYzFBRFk?oc=5"" target=""_blank"">The situation with melting RTX 4090 connectors just got more complicated</a>&nbsp;&nbsp;<font color=""#6f6f6f"">Digital Trends</font>",Digital Trends,https://news.google.com/rss/articles/CBMihwFBVV95cUxOTy1RMlhfa1JNMXZIeGxscGRBUlhTclN2aGgxNTF3WVFmWTR4bGpzWXRkQlhoRW41UmpYLUhVNVpOMmlmMVBCMElyTmJKXzFHZXF3dlRTS0dJaS1QazNYSmNFdXNvT0lERmNXTjlLUFpIWVhTU2hwbTFUU0g2QmhhRy1QYzFBRFk?oc=5
2023-09-05 07:00:00,Qualcomm focuses on AI and auto as Nvidia takes over as world’s biggest fabless chip company - CNBC,"<a href=""https://news.google.com/rss/articles/CBMipwFBVV95cUxPZ0Rvay1zNnhydGNOdjFkOUhVakpjeGptX0FsM3JvYU5pWE5UdHBtVDJZWHNWT1I0ZlRHZVg0T1k0MzYtYTN5Mm9MQURFSlRVY3VOTXFXY3lrc01JemZCOXhkRUx6aDJDQlV4MHR4RGw5Z3NyX1o5YjZHdlh4UWxjTHQwUThmZ1JWOWZobWlWODVXSmx5R1RlMGt3T2lELUFqRWRneUtJTdIBrAFBVV95cUxPWDZKU0Q2ZV83V0wyRTdWT01QSkpGaG1icHNxclMtc09hN1NVY3g5MzhVU1ViLUJOa0JVMDRRUkpFYU9HVG1jYVZhaFpfUGJTNW41cnBkTEprSVVfWW9aVVUyRnI4TzVrQXJ4aE1TMDhvNXdxVk9URjh4cDBUWTZiWjdNWFgzajJMS2lWMkU5WUNKaDZQbHBxa2c0LXlhNTNfV1BIYnVNZVItT3FG?oc=5"" target=""_blank"">Qualcomm focuses on AI and auto as Nvidia takes over as world’s biggest fabless chip company</a>&nbsp;&nbsp;<font color=""#6f6f6f"">CNBC</font>",CNBC,https://news.google.com/rss/articles/CBMipwFBVV95cUxPZ0Rvay1zNnhydGNOdjFkOUhVakpjeGptX0FsM3JvYU5pWE5UdHBtVDJZWHNWT1I0ZlRHZVg0T1k0MzYtYTN5Mm9MQURFSlRVY3VOTXFXY3lrc01JemZCOXhkRUx6aDJDQlV4MHR4RGw5Z3NyX1o5YjZHdlh4UWxjTHQwUThmZ1JWOWZobWlWODVXSmx5R1RlMGt3T2lELUFqRWRneUtJTdIBrAFBVV95cUxPWDZKU0Q2ZV83V0wyRTdWT01QSkpGaG1icHNxclMtc09hN1NVY3g5MzhVU1ViLUJOa0JVMDRRUkpFYU9HVG1jYVZhaFpfUGJTNW41cnBkTEprSVVfWW9aVVUyRnI4TzVrQXJ4aE1TMDhvNXdxVk9URjh4cDBUWTZiWjdNWFgzajJMS2lWMkU5WUNKaDZQbHBxa2c0LXlhNTNfV1BIYnVNZVItT3FG?oc=5
2023-09-04 07:00:00,"PM Modi, Nvidia chief Jensen Huang discuss India’s potential in AI - The Economic Times","<a href=""https://news.google.com/rss/articles/CBMi2wFBVV95cUxOaG1qcFMwMkx1Tk9FM2s0MURhVzVzYmxUYWdzWVFGZGZ6eFRFbEdFUURKNXAybFREd1B3Y1V6R0RGNkZxLWtOMlVqVlhjRUVMMVZFVEYzV09kYVhjdmktdFFfUE9UR2lDT094SHlieVRLbExqUmJIcEVTaE9fVjM1T3p3NjA4NDlsMnBvOGQyYW13UEk0SEdMRlNWcDFQaE9PX2VaaVpMc0picVJUNGtwbDVLOHRyaW1hanBGOU5FSkx3eFNJSy00cEJDdi13eFVHUF90TFF6LVJlMGfSAeABQVVfeXFMTmlCT29VRFNQeEZ0WnpwNWYyZEVyTU1NTEZXeWZQTktGWUhSS2dVMEs3VzF1VVhXZjNiNXNPS0M5VWpOTFFtSmJiZF9sem4yajVqMHJtbVlNRmwwMjVaNmplMS1tNlhFWVFCWnNrU2lQSUtZc0tkN2N0dzRVWXBsdDBsM0ZjekRhSlE1c05PTE13T3A2VW1mN3NqYW9YYmFMQnFpbGx4dm10azNrMzFPTlRRdDFSWlZhMUx6VjhvOHE2czdFMTdQRFpFNFY4Mi1TZkM5aHZ6bWpkYkJLZFd2b2I?oc=5"" target=""_blank"">PM Modi, Nvidia chief Jensen Huang discuss India’s potential in AI</a>&nbsp;&nbsp;<font color=""#6f6f6f"">The Economic Times</font>",The Economic Times,https://news.google.com/rss/articles/CBMi2wFBVV95cUxOaG1qcFMwMkx1Tk9FM2s0MURhVzVzYmxUYWdzWVFGZGZ6eFRFbEdFUURKNXAybFREd1B3Y1V6R0RGNkZxLWtOMlVqVlhjRUVMMVZFVEYzV09kYVhjdmktdFFfUE9UR2lDT094SHlieVRLbExqUmJIcEVTaE9fVjM1T3p3NjA4NDlsMnBvOGQyYW13UEk0SEdMRlNWcDFQaE9PX2VaaVpMc0picVJUNGtwbDVLOHRyaW1hanBGOU5FSkx3eFNJSy00cEJDdi13eFVHUF90TFF6LVJlMGfSAeABQVVfeXFMTmlCT29VRFNQeEZ0WnpwNWYyZEVyTU1NTEZXeWZQTktGWUhSS2dVMEs3VzF1VVhXZjNiNXNPS0M5VWpOTFFtSmJiZF9sem4yajVqMHJtbVlNRmwwMjVaNmplMS1tNlhFWVFCWnNrU2lQSUtZc0tkN2N0dzRVWXBsdDBsM0ZjekRhSlE1c05PTE13T3A2VW1mN3NqYW9YYmFMQnFpbGx4dm10azNrMzFPTlRRdDFSWlZhMUx6VjhvOHE2czdFMTdQRFpFNFY4Mi1TZkM5aHZ6bWpkYkJLZFd2b2I?oc=5
2023-09-04 07:00:00,Starfield's most downloaded PC mod so far is the one that replaces AMD FSR with NVIDIA DLSS - TweakTown,"<a href=""https://news.google.com/rss/articles/CBMi1AFBVV95cUxOd0tnM2VzVy1lVWFLRC1fWUhPNDFwa2I1dXJkN0g4aUc3ZWZ2NHJldWRubzkwNWxVQUwyMjdGVEdOclFvY1l2cWIyRVJfTXpJc2NvUHhjdDgySEptalpWX1puUjlpekJ0anRPRFdCRUVhZ1RUSV9xTFdtUG1OSTVwMTFvTjFydWVmZWd3UWIybHVfQWx1SmVZcEZoeUZ1aFRSZGp0RlNSYkx3SzlyT3FXOXlFbVVGR2cwWlB3UTQtZWN5cWZBREhtcXBzVmlBZkdqSU8xSg?oc=5"" target=""_blank"">Starfield's most downloaded PC mod so far is the one that replaces AMD FSR with NVIDIA DLSS</a>&nbsp;&nbsp;<font color=""#6f6f6f"">TweakTown</font>",TweakTown,https://news.google.com/rss/articles/CBMi1AFBVV95cUxOd0tnM2VzVy1lVWFLRC1fWUhPNDFwa2I1dXJkN0g4aUc3ZWZ2NHJldWRubzkwNWxVQUwyMjdGVEdOclFvY1l2cWIyRVJfTXpJc2NvUHhjdDgySEptalpWX1puUjlpekJ0anRPRFdCRUVhZ1RUSV9xTFdtUG1OSTVwMTFvTjFydWVmZWd3UWIybHVfQWx1SmVZcEZoeUZ1aFRSZGp0RlNSYkx3SzlyT3FXOXlFbVVGR2cwWlB3UTQtZWN5cWZBREhtcXBzVmlBZkdqSU8xSg?oc=5
2023-09-04 07:00:00,Best Starfield graphics settings for RTX 4080 - Sportskeeda,"<a href=""https://news.google.com/rss/articles/CBMiiAFBVV95cUxQT3FJeHVha3I2b3o4STE4dXFXaHZGbVRLOXd5VndtVVJjbzhicnpEQzM0MEV2VVVJdDUzRFRqRzMzQ3lDTG1nRWFmQkozUDMyTVd3NFdnaUhGQ25iSFlUOUdCREtmbE1yYVhMTnhKdmRRVEk2Q0xoOFV6dHl0OTR3TXNOdzF5azU3?oc=5"" target=""_blank"">Best Starfield graphics settings for RTX 4080</a>&nbsp;&nbsp;<font color=""#6f6f6f"">Sportskeeda</font>",Sportskeeda,https://news.google.com/rss/articles/CBMiiAFBVV95cUxQT3FJeHVha3I2b3o4STE4dXFXaHZGbVRLOXd5VndtVVJjbzhicnpEQzM0MEV2VVVJdDUzRFRqRzMzQ3lDTG1nRWFmQkozUDMyTVd3NFdnaUhGQ25iSFlUOUdCREtmbE1yYVhMTnhKdmRRVEk2Q0xoOFV6dHl0OTR3TXNOdzF5azU3?oc=5
2023-09-04 07:00:00,Best Starfield graphics settings for RTX 2080 and RTX 2080 Super - Sportskeeda,"<a href=""https://news.google.com/rss/articles/CBMinAFBVV95cUxPRGxkQnp0QjA0UVY1eXNfWE1nclFYU3NWREhBRUxEUmhNbWdabTdEYy0zRGVEWHl6ZUNHc3FvbmZkeWhhRjE5WGY2Y0tIVnVYUnJTbWxJTDZCV0gtNXpLWnJHOUdGUFZiYTE3MWpYcl9UU1RfUmw5LWxvOHFzMFBPS3JUUjl6bmRLaS1KUERwb19QUk9TVHRuUl83Nms?oc=5"" target=""_blank"">Best Starfield graphics settings for RTX 2080 and RTX 2080 Super</a>&nbsp;&nbsp;<font color=""#6f6f6f"">Sportskeeda</font>",Sportskeeda,https://news.google.com/rss/articles/CBMinAFBVV95cUxPRGxkQnp0QjA0UVY1eXNfWE1nclFYU3NWREhBRUxEUmhNbWdabTdEYy0zRGVEWHl6ZUNHc3FvbmZkeWhhRjE5WGY2Y0tIVnVYUnJTbWxJTDZCV0gtNXpLWnJHOUdGUFZiYTE3MWpYcl9UU1RfUmw5LWxvOHFzMFBPS3JUUjl6bmRLaS1KUERwb19QUk9TVHRuUl83Nms?oc=5
2023-09-04 07:00:00,NVIDIA CEO Jensen Huang Discusses AI Potential with PM Modi - AIM,"<a href=""https://news.google.com/rss/articles/CBMipwFBVV95cUxQZUtEbllfNmo2d1JJUExPUVlKQ19sM3ZuNnVQQjNUWFBnZHJKbExOa2RzZXlEZ3lKUDhsalcyQThQeFUtTzMxQ3Z3UkJhLUZ3aHlYVDRpbS0yNGY4NGd4V3R0TzhNRWF0aDdGSDNWY1hLSlRwYjVJMnZEOHk1RFIzOTlFbFgyNWkxbGx0SzNRcUFwcEdCQnlzZ0Ytak9KQmxJenZEWUJPOA?oc=5"" target=""_blank"">NVIDIA CEO Jensen Huang Discusses AI Potential with PM Modi</a>&nbsp;&nbsp;<font color=""#6f6f6f"">AIM</font>",AIM,https://news.google.com/rss/articles/CBMipwFBVV95cUxQZUtEbllfNmo2d1JJUExPUVlKQ19sM3ZuNnVQQjNUWFBnZHJKbExOa2RzZXlEZ3lKUDhsalcyQThQeFUtTzMxQ3Z3UkJhLUZ3aHlYVDRpbS0yNGY4NGd4V3R0TzhNRWF0aDdGSDNWY1hLSlRwYjVJMnZEOHk1RFIzOTlFbFgyNWkxbGx0SzNRcUFwcEdCQnlzZ0Ytak9KQmxJenZEWUJPOA?oc=5
2023-09-04 07:00:00,Mustafa Suleyman Hopes The US Implements Ethics Standards For Nvidia AI Chips - VOI.ID,"<a href=""https://news.google.com/rss/articles/CBMiSkFVX3lxTE82YXRfU2VqaF9wQThMMlBkZExabjNXci1yOXZxUm9nazgxSC0wYURLLUlsM2g0ZXdoZzVGSXBDZlMtUDlQcEhrUEp30gFCQVVfeXFMTlNRYjh6d29KMnFNeTY5eE5kZVJYUzFpbzBzeWFQOTBKc0p6TV9QVE8tZ2QxSDMzaWI0eUgzX05vZ0dB?oc=5"" target=""_blank"">Mustafa Suleyman Hopes The US Implements Ethics Standards For Nvidia AI Chips</a>&nbsp;&nbsp;<font color=""#6f6f6f"">VOI.ID</font>",VOI.ID,https://news.google.com/rss/articles/CBMiSkFVX3lxTE82YXRfU2VqaF9wQThMMlBkZExabjNXci1yOXZxUm9nazgxSC0wYURLLUlsM2g0ZXdoZzVGSXBDZlMtUDlQcEhrUEp30gFCQVVfeXFMTlNRYjh6d29KMnFNeTY5eE5kZVJYUzFpbzBzeWFQOTBKc0p6TV9QVE8tZ2QxSDMzaWI0eUgzX05vZ0dB?oc=5
2023-09-04 07:00:00,'Rich Potential India Offers In World Of AI...Talented Youth...' - When Nvidia CEO Met PM Narendra Modi - Times Now,"<a href=""https://news.google.com/rss/articles/CBMi_AFBVV95cUxOcEJuY1B1dXFza2lyaVROWW1GVFpidHUwTjl6dWRRbVNkSWNOeFVXVnYwUlh1WFNoX2E1SGp3OW56TFNWaklGWFlvZmY1Q2RHb1hmRmtsRTJoalRXU3pzdTZZc2lYSGJ4blpaREUySFBNT05TS0RGdTJRZDktUm8wdWdfd2J0ampWdGNOZHZCaV90bWF6azYyNnlRMlJzYXBIbjVWM1BtNy1sSWJFYnpHNHBaaFN3SmI4TWRnYWNOY21wdkZMRXRjbi1ScUlsbWJxSEFHTHJkVDlpU1FibldRWHF0bWhucnNDZWZLV3FvQzhEbEh3bk5aUHJOMmrSAYICQVVfeXFMTWpMcGJhRlFjZGpKZldNSnFIMWtfVzUxZVd1MWFlZzNLWEpJaTdZVXd3aXBza21icmIyTncxT2hLQ3pTTmdVU0pySUc2NU13UWlLN29RRkRMcXM2VHJ0QVhRYTNKWUNJNUdyZDhmQVIzd19DSkt6Z3FnR3ltd1lwUWJMeUtZUDFRc0pfdkVhY2JWVG03XzVpQ1FHQlhSZU1ZOXBYWnZWNHB6REl1YnNiS2hTT205WkZQYVFHUmJYeVpHT3ZjUnktdEstWEZoZGFzVmd4WXoxem8wZnAtUlNQT0w4SUZ0WTQzSGFwTDNPUDZ4cUxuTUxyVE9uTnRCX1RGdGJn?oc=5"" target=""_blank"">'Rich Potential India Offers In World Of AI...Talented Youth...' - When Nvidia CEO Met PM Narendra Modi</a>&nbsp;&nbsp;<font color=""#6f6f6f"">Times Now</font>",Times Now,https://news.google.com/rss/articles/CBMi_AFBVV95cUxOcEJuY1B1dXFza2lyaVROWW1GVFpidHUwTjl6dWRRbVNkSWNOeFVXVnYwUlh1WFNoX2E1SGp3OW56TFNWaklGWFlvZmY1Q2RHb1hmRmtsRTJoalRXU3pzdTZZc2lYSGJ4blpaREUySFBNT05TS0RGdTJRZDktUm8wdWdfd2J0ampWdGNOZHZCaV90bWF6azYyNnlRMlJzYXBIbjVWM1BtNy1sSWJFYnpHNHBaaFN3SmI4TWRnYWNOY21wdkZMRXRjbi1ScUlsbWJxSEFHTHJkVDlpU1FibldRWHF0bWhucnNDZWZLV3FvQzhEbEh3bk5aUHJOMmrSAYICQVVfeXFMTWpMcGJhRlFjZGpKZldNSnFIMWtfVzUxZVd1MWFlZzNLWEpJaTdZVXd3aXBza21icmIyTncxT2hLQ3pTTmdVU0pySUc2NU13UWlLN29RRkRMcXM2VHJ0QVhRYTNKWUNJNUdyZDhmQVIzd19DSkt6Z3FnR3ltd1lwUWJMeUtZUDFRc0pfdkVhY2JWVG03XzVpQ1FHQlhSZU1ZOXBYWnZWNHB6REl1YnNiS2hTT205WkZQYVFHUmJYeVpHT3ZjUnktdEstWEZoZGFzVmd4WXoxem8wZnAtUlNQT0w4SUZ0WTQzSGFwTDNPUDZ4cUxuTUxyVE9uTnRCX1RGdGJn?oc=5
2023-09-04 07:00:00,Armored Core 6 Fires of Rubicon tech review: Laptop and desktop benchmarks - Notebookcheck.net,"<a href=""https://news.google.com/rss/articles/CBMiuAFBVV95cUxNN0xLY2VHbmowVWlyenRfdWFtLURzeWhSMi0zV0pBTGRYcUZrYjNXMFZYYnV4S0pjMjg3TEYtSWo0WFYyN2ZLakpPcmxlcExKWnJwRWhmTDZhWnpFNFd2UENvUEMxc0Qyd01uZ1FQN0ZTQ2dxYWNsdkZ3dFgyeGJ6UDhyUzdHS3NwZFBfZVdaM1dQUnNaYjRUdndjYXBYVkdFUEZtcURFNTJnT3picUdXYnNrOWYzZ0Ny?oc=5"" target=""_blank"">Armored Core 6 Fires of Rubicon tech review: Laptop and desktop benchmarks</a>&nbsp;&nbsp;<font color=""#6f6f6f"">Notebookcheck.net</font>",Notebookcheck.net,https://news.google.com/rss/articles/CBMiuAFBVV95cUxNN0xLY2VHbmowVWlyenRfdWFtLURzeWhSMi0zV0pBTGRYcUZrYjNXMFZYYnV4S0pjMjg3TEYtSWo0WFYyN2ZLakpPcmxlcExKWnJwRWhmTDZhWnpFNFd2UENvUEMxc0Qyd01uZ1FQN0ZTQ2dxYWNsdkZ3dFgyeGJ6UDhyUzdHS3NwZFBfZVdaM1dQUnNaYjRUdndjYXBYVkdFUEZtcURFNTJnT3picUdXYnNrOWYzZ0Ny?oc=5
2023-09-05 07:00:00,10 best AI stocks & why I’m not going ‘all in’ on NVIDIA Corp (NASDAQ:NVDA) - Rask Media,"<a href=""https://news.google.com/rss/articles/CBMib0FVX3lxTE4wTWNEb2ExRWdVdzA3N3N2VnBMYnNvTGFNNDM5aDJNdG1qMjhseG1XNkRETXZxVnVJeWhJVk1ORi1NSEh2UVp2V1loY1dpSjNCeV8zbldCSmhpbVpiT3Q0dktELXB5OWJjUjA1S3NOaw?oc=5"" target=""_blank"">10 best AI stocks & why I’m not going ‘all in’ on NVIDIA Corp (NASDAQ:NVDA)</a>&nbsp;&nbsp;<font color=""#6f6f6f"">Rask Media</font>",Rask Media,https://news.google.com/rss/articles/CBMib0FVX3lxTE4wTWNEb2ExRWdVdzA3N3N2VnBMYnNvTGFNNDM5aDJNdG1qMjhseG1XNkRETXZxVnVJeWhJVk1ORi1NSEh2UVp2V1loY1dpSjNCeV8zbldCSmhpbVpiT3Q0dktELXB5OWJjUjA1S3NOaw?oc=5
2023-09-05 07:00:00,"Nvidia CEO Jensen Huang meets PM Modi, highlights growing partnership in AI and India's young talent pool - OpIndia","<a href=""https://news.google.com/rss/articles/CBMiwwFBVV95cUxPZTRNRld5NVlyVDF5VFZWVE43RmJQUVBrVjJwSUlqb2d1RlktYjRVSFk4M2h5a3duR19UWGlDd2lUYkJWV2V5ZEx2SG1VV0F5Rmd5ZDRVU0I4cmhRWVI3N0NaOWJMU1ZiLXRjUm1PUTJJWGl1bWg3eFZNcU5xSmhEZVAyTEJGZXBhelozYVRVdUNXVk5Od0Fxck0wLVlJYXgtcjdYSUlNQm02N213VlowVkZNT25sMnFyRm9VclRHTWd5Wjg?oc=5"" target=""_blank"">Nvidia CEO Jensen Huang meets PM Modi, highlights growing partnership in AI and India's young talent pool</a>&nbsp;&nbsp;<font color=""#6f6f6f"">OpIndia</font>",OpIndia,https://news.google.com/rss/articles/CBMiwwFBVV95cUxPZTRNRld5NVlyVDF5VFZWVE43RmJQUVBrVjJwSUlqb2d1RlktYjRVSFk4M2h5a3duR19UWGlDd2lUYkJWV2V5ZEx2SG1VV0F5Rmd5ZDRVU0I4cmhRWVI3N0NaOWJMU1ZiLXRjUm1PUTJJWGl1bWg3eFZNcU5xSmhEZVAyTEJGZXBhelozYVRVdUNXVk5Od0Fxck0wLVlJYXgtcjdYSUlNQm02N213VlowVkZNT25sMnFyRm9VclRHTWd5Wjg?oc=5
2023-09-05 07:00:00,Indian Prime Minister Narendra Modi engages in AI talks with Nvidia CEO Jensen Huang - India TV News,"<a href=""https://news.google.com/rss/articles/CBMixAFBVV95cUxQVFRnTjEyOWY1clRXb3Vod0VUQ3BJUU5ZWm9BZTZVcEdHUU93RjNkczlBQ2Z5Vzh5ZEFhVk80MUc4SXJaal8zWFg0aEstOFFQRnUzNi1qYW5GNlhqQ3hVR3pBckJQQVFEXzQ2YklFMlF2MzBKaWNZREo5ZERkWGZsVlB0SDRiU2N3N0JTTEhVajhaYkpWcTBmVDRpb3gyQWc3ZXJ5VDhic0tmS19GRTBLcERCcGQzbXNxRUctcXktQTN4Q3Bl0gHKAUFVX3lxTE95VEZWZjNCQlZHX0Y2azRoMERobk5sVE5MZFVIZGJHX0tadWdvZWxXa1N4cEJzSGhBVUs4Sk41OVpZbTdVYWNTMXVOLWtzWkpzY19vaVU5Uk9LZzN6QWpEWHM4MFV3bDFnWk5XT3AwbGo3V0VMdlRQSVNFZFpKYXoxeGo0RnFrblIwNlJ1LU5nVG03UExvdG1pYWRTVmJLRVlYQlVwZHJ0SDQtS3lMTlREc3kxMW5fU20weWVKQmpJamRWcGJkNlBMMnc?oc=5"" target=""_blank"">Indian Prime Minister Narendra Modi engages in AI talks with Nvidia CEO Jensen Huang</a>&nbsp;&nbsp;<font color=""#6f6f6f"">India TV News</font>",India TV News,https://news.google.com/rss/articles/CBMixAFBVV95cUxQVFRnTjEyOWY1clRXb3Vod0VUQ3BJUU5ZWm9BZTZVcEdHUU93RjNkczlBQ2Z5Vzh5ZEFhVk80MUc4SXJaal8zWFg0aEstOFFQRnUzNi1qYW5GNlhqQ3hVR3pBckJQQVFEXzQ2YklFMlF2MzBKaWNZREo5ZERkWGZsVlB0SDRiU2N3N0JTTEhVajhaYkpWcTBmVDRpb3gyQWc3ZXJ5VDhic0tmS19GRTBLcERCcGQzbXNxRUctcXktQTN4Q3Bl0gHKAUFVX3lxTE95VEZWZjNCQlZHX0Y2azRoMERobk5sVE5MZFVIZGJHX0tadWdvZWxXa1N4cEJzSGhBVUs4Sk41OVpZbTdVYWNTMXVOLWtzWkpzY19vaVU5Uk9LZzN6QWpEWHM4MFV3bDFnWk5XT3AwbGo3V0VMdlRQSVNFZFpKYXoxeGo0RnFrblIwNlJ1LU5nVG03UExvdG1pYWRTVmJLRVlYQlVwZHJ0SDQtS3lMTlREc3kxMW5fU20weWVKQmpJamRWcGJkNlBMMnc?oc=5
2023-09-05 07:00:00,"Chipmaker Arm readies for IPO, customers like Apple, Google, NVIDIA, and AMD to invest - HardwareZone","<a href=""https://news.google.com/rss/articles/CBMiwgFBVV95cUxPbEV1X1c3bDdkN3pQUWktZmdqcEF2VllYTFhQTC12dnVGZEtMMjdXcWM2LVhYLXJpVURNbC1NUllsWnV1ZGpnQTdWZVRqenBRUE9xclhRQ2tuQTdZazNGZF9NZTFNZDdsVTgzQ1REdndIMXY4SDJkTk9JS19xX2FNUU85Y0VFY2tTb0xGSlEwTmRjMFhIenZSTkI3VTl2ZlpLdmNqQS1jdi1Xd2VEVWlGc0dRWFFZa1Bod3k5d0lmLU9rUQ?oc=5"" target=""_blank"">Chipmaker Arm readies for IPO, customers like Apple, Google, NVIDIA, and AMD to invest</a>&nbsp;&nbsp;<font color=""#6f6f6f"">HardwareZone</font>",HardwareZone,https://news.google.com/rss/articles/CBMiwgFBVV95cUxPbEV1X1c3bDdkN3pQUWktZmdqcEF2VllYTFhQTC12dnVGZEtMMjdXcWM2LVhYLXJpVURNbC1NUllsWnV1ZGpnQTdWZVRqenBRUE9xclhRQ2tuQTdZazNGZF9NZTFNZDdsVTgzQ1REdndIMXY4SDJkTk9JS19xX2FNUU85Y0VFY2tTb0xGSlEwTmRjMFhIenZSTkI3VTl2ZlpLdmNqQS1jdi1Xd2VEVWlGc0dRWFFZa1Bod3k5d0lmLU9rUQ?oc=5
2023-09-05 07:00:00,"Indian PM Modi, Nvidia CEO discuss India's rich potential in artificial intelligence - Times Of Oman","<a href=""https://news.google.com/rss/articles/CBMitAFBVV95cUxNSHdZRWMxWUp2bnd1Nk5wQ2xZV1hyVVBVUGxCUmtOWXp2bGU2cFJDVGFRZlc4WHlmcGFuWnVZNVpxdldzN094TTBEQW5Ea1VRMmZyQllfRlF0dzZhMkEzRldQMnVuNEpPQkR2dFIwdzVXZ3hjaS1jenBXODZBU2dRa055Ry15NGQ0NlUtYXlFVzNXSXhqQW5vaXBRbUM2eWM5QnNZLWdMZTIwSzlGUHJLd0pOWFE?oc=5"" target=""_blank"">Indian PM Modi, Nvidia CEO discuss India's rich potential in artificial intelligence</a>&nbsp;&nbsp;<font color=""#6f6f6f"">Times Of Oman</font>",Times Of Oman,https://news.google.com/rss/articles/CBMitAFBVV95cUxNSHdZRWMxWUp2bnd1Nk5wQ2xZV1hyVVBVUGxCUmtOWXp2bGU2cFJDVGFRZlc4WHlmcGFuWnVZNVpxdldzN094TTBEQW5Ea1VRMmZyQllfRlF0dzZhMkEzRldQMnVuNEpPQkR2dFIwdzVXZ3hjaS1jenBXODZBU2dRa055Ry15NGQ0NlUtYXlFVzNXSXhqQW5vaXBRbUM2eWM5QnNZLWdMZTIwSzlGUHJLd0pOWFE?oc=5
2023-09-05 07:00:00,"Lenovo Launches Y9000K 2023, the World's First Portable Water-Cooled Gaming Laptop with Intel i9-13980HX, Nvidia RTX 4090, and 32 GB RAM - gizmochina","<a href=""https://news.google.com/rss/articles/CBMiiwFBVV95cUxNUU5vcmpsUEZpYmtuNWV5b0c3YzFRYzJYTUQxTjFHQ1MzRWp1cXlPYU5GTm9GV3JGV0xiQWljVkNPejU2aUJydTdlRlBOa2VpbldpenRkMmxWUGJVLWxMQ0VHa0VadFMzT1VBNm5VdFZWUHBldmhUUzdUcnprS09Qcmo3eGtKNDBJQnBJ?oc=5"" target=""_blank"">Lenovo Launches Y9000K 2023, the World's First Portable Water-Cooled Gaming Laptop with Intel i9-13980HX, Nvidia RTX 4090, and 32 GB RAM</a>&nbsp;&nbsp;<font color=""#6f6f6f"">gizmochina</font>",gizmochina,https://news.google.com/rss/articles/CBMiiwFBVV95cUxNUU5vcmpsUEZpYmtuNWV5b0c3YzFRYzJYTUQxTjFHQ1MzRWp1cXlPYU5GTm9GV3JGV0xiQWljVkNPejU2aUJydTdlRlBOa2VpbldpenRkMmxWUGJVLWxMQ0VHa0VadFMzT1VBNm5VdFZWUHBldmhUUzdUcnprS09Qcmo3eGtKNDBJQnBJ?oc=5
2023-09-04 07:00:00,RBI allows pre-sanctioned credit lines through UPI; know how it works - The Economic Times,"<a href=""https://news.google.com/rss/articles/CBMi0wFBVV95cUxNWGdicmUzUHJWUkNBdWEzLXg1TnhabXBIdFVuWkxSZkNtZ3ByU0lhTThndGE2Q01ISjFlU3BhNHRNYlpGeUZDemlyUW9oV0hiN3ZBZTZlUHVKd29uYldWcFJhbDhyUzUtRVdTZ1RPR2prSHdrNDNvN3B2eVV2X3c5MDdJcHhDWTJWeERNdHh2eFA3ZG5zQVZJZUpWSVZCT0ZzRkFJbURVQkRTNnNYeF9Gb21vNDYwRmEwM2x0SFMzZFh1WFVsNlpYcHFyZk1wd2EwRkpj0gHYAUFVX3lxTE5XYmtRaVpGMUFPN3Nkb2dvdUxjcXpDUDdGTDR0R2dRRjNSZ1ZPSWpJV1lqMXhLQzVLMEhHY2t3MWdXVXJaclhPZWZaNmlrdUNpQUs4RHZoOE00VkhjaG5JXzdOU1ljWms1UHAyeTZQQXc5a3RESkN2RmF5bzduaXFrWHVqZUJTX1ZicFkxUEhFT1M5VUxKSGZZQWl1MzlMc19CdWQ1OWg3YzYxRVRiWFo3UmhQR2ZySFNjVzE1VEdlN3J3YmZ0RnB6bzhCTXlwamcwa2RQU3VVdw?oc=5"" target=""_blank"">RBI allows pre-sanctioned credit lines through UPI; know how it works</a>&nbsp;&nbsp;<font color=""#6f6f6f"">The Economic Times</font>",The Economic Times,https://news.google.com/rss/articles/CBMi0wFBVV95cUxNWGdicmUzUHJWUkNBdWEzLXg1TnhabXBIdFVuWkxSZkNtZ3ByU0lhTThndGE2Q01ISjFlU3BhNHRNYlpGeUZDemlyUW9oV0hiN3ZBZTZlUHVKd29uYldWcFJhbDhyUzUtRVdTZ1RPR2prSHdrNDNvN3B2eVV2X3c5MDdJcHhDWTJWeERNdHh2eFA3ZG5zQVZJZUpWSVZCT0ZzRkFJbURVQkRTNnNYeF9Gb21vNDYwRmEwM2x0SFMzZFh1WFVsNlpYcHFyZk1wd2EwRkpj0gHYAUFVX3lxTE5XYmtRaVpGMUFPN3Nkb2dvdUxjcXpDUDdGTDR0R2dRRjNSZ1ZPSWpJV1lqMXhLQzVLMEhHY2t3MWdXVXJaclhPZWZaNmlrdUNpQUs4RHZoOE00VkhjaG5JXzdOU1ljWms1UHAyeTZQQXc5a3RESkN2RmF5bzduaXFrWHVqZUJTX1ZicFkxUEhFT1M5VUxKSGZZQWl1MzlMc19CdWQ1OWg3YzYxRVRiWFo3UmhQR2ZySFNjVzE1VEdlN3J3YmZ0RnB6bzhCTXlwamcwa2RQU3VVdw?oc=5
2023-09-04 07:00:00,Nvidia’s Data Center Revenues Swell as Intel and AMD Get Left Behind - Digital Information World,"<a href=""https://news.google.com/rss/articles/CBMilAFBVV95cUxOSVM5ZU5mWkFfUU1hdmRnQkFxaHVJdVVFRjNMRHVNVm5nam1ldGJ2VkRON09iT3dzaEh0STZaaGk1LWtfejk3dmg5dmZralcxR2Y1dDR2RmNNNEZISzM1bWJvSHJvaFNTXzItNTZ1S0Fta1ZqYW1Ca0hocFBlXzBWbUtTalFKTmx5azlTOHdoNUJvS2hL?oc=5"" target=""_blank"">Nvidia’s Data Center Revenues Swell as Intel and AMD Get Left Behind</a>&nbsp;&nbsp;<font color=""#6f6f6f"">Digital Information World</font>",Digital Information World,https://news.google.com/rss/articles/CBMilAFBVV95cUxOSVM5ZU5mWkFfUU1hdmRnQkFxaHVJdVVFRjNMRHVNVm5nam1ldGJ2VkRON09iT3dzaEh0STZaaGk1LWtfejk3dmg5dmZralcxR2Y1dDR2RmNNNEZISzM1bWJvSHJvaFNTXzItNTZ1S0Fta1ZqYW1Ca0hocFBlXzBWbUtTalFKTmx5azlTOHdoNUJvS2hL?oc=5
2023-09-05 07:00:00,How to add DLSS to Starfield on PC: Step-by-step mod guide - Dexerto,"<a href=""https://news.google.com/rss/articles/CBMimwFBVV95cUxPbDF0Sm5ycU9BNHh6aGZ0bE1wMkNBZ2JlMklNUVVDRGNOcVk5cVJRNXczMFVSNFBINjd6RHJTdHE2Y01tR2hoSTdPQm9YVGJORVJTMDUwaE8yVXZCdHoybUl4b3JYb2hpdGt0akFIQlZvVVRPZi1MQU82OEtwSDhTLVdZSmVEQXVXWVRrMWhZczJxcGNuYjlYOExpUQ?oc=5"" target=""_blank"">How to add DLSS to Starfield on PC: Step-by-step mod guide</a>&nbsp;&nbsp;<font color=""#6f6f6f"">Dexerto</font>",Dexerto,https://news.google.com/rss/articles/CBMimwFBVV95cUxPbDF0Sm5ycU9BNHh6aGZ0bE1wMkNBZ2JlMklNUVVDRGNOcVk5cVJRNXczMFVSNFBINjd6RHJTdHE2Y01tR2hoSTdPQm9YVGJORVJTMDUwaE8yVXZCdHoybUl4b3JYb2hpdGt0akFIQlZvVVRPZi1MQU82OEtwSDhTLVdZSmVEQXVXWVRrMWhZczJxcGNuYjlYOExpUQ?oc=5
